Unsolved 2d:
[[0, 0, 0, 9, 6, 0, 7, 1, 0], [0, 0, 0, 0, 0, 4, 0, 0, 5], [4, 0, 9, 8, 5, 0, 6, 2, 3], [0, 9, 0, 0, 0, 8, 5, 4, 0], [5, 3, 0, 1, 0, 0, 0, 0, 0], [0, 6, 4, 7, 0, 5, 0, 3, 8], [0, 5, 0, 4, 2, 0, 3, 7, 0], [0, 0, 1, 6, 8, 0, 0, 0, 9], [9, 0, 0, 0, 0, 1, 0, 0, 2]]

Solved 2d
[[3, 8, 5, 9, 6, 2, 7, 1, 4], [6, 7, 2, 3, 1, 4, 9, 8, 5], [4, 1, 9, 8, 5, 7, 6, 2, 3], [1, 9, 7, 2, 3, 8, 5, 4, 6], [5, 3, 8, 1, 4, 6, 2, 9, 7], [2, 6, 4, 7, 9, 5, 1, 3, 8], [8, 5, 6, 4, 2, 9, 3, 7, 1], [7, 2, 1, 6, 8, 3, 4, 5, 9], [9, 4, 3, 5, 7, 1, 8, 6, 2]]

Unsolved String:
000960710000004005409850623090008540530100000064705038050420370001680009900001002

Solved String:
385962714672314985419857623197238546538146297264795138856429371721683459943571862

Solve Sudoku Here:
https://www.sudokuwiki.org/sudoku.htm
https://www.sudokuwiki.org/sudoku.htm?bd=000960710000004005409850623090008540530100000064705038050420370001680009900001002
