EASY
037091020800026030062345000006910000004007590100000308291508476043060000000409200
437891625815726934962345187586913742324687591179254368291538476743162859658479213

530800600049502831027100509750901004208400006400008000060003410300010020180204000
531849672649572831827136549753961284218457396496328157962783415374615928185294763

672001984031000000040020003405000308920370500760000020000490832306000045004050196
672531984831649257549827613415962378928374561763185429157496832396218745284753196

913008270607002109204007836340026018801070500006000000079680300000034000508009000
913568274687342159254197836345926718891473562726851493479685321162734985538219647

407000060010607002080000197100400000000038219598062000001340920206890073009026800
427913568915687342683254197132479685764538219598162734871345926256891473349726851

MEDIUM
500470010007000002342950080006000043001304007073000000000100000030009260200046800
568472319197638452342951786926817543851394627473265198685123974734589261219746835

057300406390000218204901003005083002700200100000000074009000820000000000600049000
157328496396457218284961753415783962763294185928615374549136827831572649672849531

000208400390000018084091700405800902060924080900060000070409500801002009049016820
157238496396547218284691753415873962763924185928165374672489531831752649549316827

400032005508764210002590704305801006026049050801000400903007500080000000204680000
479132685538764219162598734345871926726349851891256473913427568687915342254683197

800051000700000200090082700004006000200008049010005000370000002009367180500009370
832751496745693218196482753984276531257138649613945827378514962429367185561829374

HARD
085700000002005004000008000000000582000079400000060700400000020070000001900130000
385741296162395874749628135697413582251879463834562719416957328573286941928134657

500420010042000700097080402403050090050000020900001000000000805730590000000002070
568427319342915786197683452473256198851349627926871543219764835734598261685132974

005407000001000000200900000000000479030500000900760030000001305000000006074200090
865427913791683254243915687586132479437598162912764538629871345158349726374256891

007005003009060000360008200006000000510080009000002040000500900830010005700000000
187245693259763814364198257426971538513486729978352146641537982832619475795824361

010050000000080006905300020020100000701030800040000070400000000000009200307500090
618452937234987516975316428829174365761235849543698172492863751156749283387521694